008881
008883
008885
008887
008889
008891
008893
008895
008897
008899
008901
008903
008905
008907
008909
008911
008913
008915
008917
008919
008921
008923
008925
008927
008929
008931
008933
008935
008937
008939
008941
008943
008945
008947
008949
008951
008953
008955
008957
008959
008961
008963
008965
008967
008969
008971
008973
008975
008977
008979
008981
008983
008985
008987
008989
008991
008993
008995
008997
008999
009001
009003
009005
009007
009009
009011
009013
009015
009017
009019
009021
009023
009025
009027
009029
009031
009033
009035
009037
009039
009041
009043
009045
009047
009049
009051
009053
009055
009057
009059
009061
009063
009065
009067
009069
009071
009073
009075
009077
009079
009081
009083
009085
009087
009089
009091
009093
009095
009097
009099
009101
009103
009105
009107
009109
009111
009113
009115
009117
009119
009121
009123
009125
009127
009129
009131
009133
009135
009137
009139
009141
009143
009145
009147
009149
009151
009153
009155
009157
009159
009161
009163
009165
009167
009169
009171
009173
009175
009177
009179
009181
009183
009185
009187
009189
009191
009193
009195
009197
009199
009201
009203
009205
009207
009209
009211
009213
009215
009217
009219
009221
009223
009225
009227
009229
009231
009233
009235
009237
009239
009241
009243
009245
009247
009249
009251
009253
009255
009257
009259
009261
009263
009265
009267
009269
009271
009273
009275
009277
009279
009281
009283
009285
009287
009289
009291
009293
009295
009297
009299
009301
009303
009305
009307
009309
009311
009313
009315
009317
009319
009321
009323
009325
009327
009329
009331
009333
009335
009337
009339
009341
009343
009345
009347
009349
009351
009353
009355
009357
009359
009361
009363
009365
009367
009369
009371
009373
009375
009377
009379
009381
009383
009385
009387
009389
009391
009393
009395
009397
009399
009401
009403
009405
009407
009409
009411
009413
009415
009417
009419
009421
009423
009425
009427
009429
009431
009433
009435
009437
009439
009441
009443
009445
009447
009449
009451
009453
009455
009457
009459
009461
009463
009465
009467
009469
009471
009473
009475
009477
009479
009481
009483
009485
009487
009489
009491
009493
009495
009497
009499
009501
009503
009505
009507
009509
009511
009513
009515
009517
009519
009521
009523
009525
009527
009529
009531
009533
009535
009537
009539
009541
009543
009545
009547
009549
009551
009553
009555
009557
009559
009561
009563
009565
009567
009569
009571
009573
009575
009577
009579
009581
009583
009585
009587
009589
009591
009593
009595
009597
009599
009601
009603
009605
009607
009609
009611
009613
009615
009617
009619
009621
009623
009625
009627
009629
009631
009633
009635
009637
009639
009641
009643
009645
009647
009649
009651
009653
009655
009657
009659
009661
009663
009665
009667
009669
009671
009673
009675
009677
009679
009681
009683
009685
009687
009689
009691
009693
009695
009697
009699
009701
009703
009705
009707
009709
009711
009713
009715
009717
009719
009721
009723
009725
009727
009729
009731
009733
009735
009737
009739
009741
009743
009745
009747
009749
009751
009753
009755
009757
009759
009761
009763
009765
009767
009769
009771
009773
009775
009777
009779
009781
009783
009785
009787
009789
009791
009793
009795
009797
009799
009801
009803
009805
009807
009809
009811
009813
009815
009817
009819
009821
009823
009825
009827
009829
009831
009833
009835
009837
009839
009841
009843
009845
009847
009849
009851
009853
009855
009857
009859
009861
009863
009865
009867
009869
009871
009873
009875
009877
009879
009881
009883
009885
009887
009889
009891
009893
009895
009897
009899
009901
009903
009905
009907
009909
009911
009913
009915
009917
009919
009921
009923
009925
009927
009929
009931
009933
009935
009937
009939
009941
009943
009945
009947
009949
009951
009953
009955
009957
009959
009961
009963
009965
009967
009969
009971
009973
009975
009977
009979
009981
009983
009985
009987
009989
009991
009993
009995
009997
009999
010001
010003
010005
010007
010009
010011
010013
010015
010017
010019
010021
010023
010025
010027
010029
010031
010033
010035
010037
010039
010041
010043
010045
010047
010049
010051
010053
010055
010057
010059
010061
010063
010065
010067
010069
010071
010073
010075
010077
010079
010081
010083
010085
010087
010089
010091
010093
010095
010097
010099
010101
010103
010105
010107
010109
010111
010113
010115
010117
010119
010121
010123
010125
010127
010129
010131
010133
010135
010137
010139
010141
010143
010145
010147
010149
010151
010153
010155
010157
010159
010161
010163
010165
010167
010169
010171
010173
010175
010177
010179
010181
010183
010185
010187
010189
010191
010193
010195
010197
010199
010201
010203
010205
010207
010209
010211
010213
010215
010217
010219
010221
010223
010225
010227
010229
010231
010233
010235
010237
010239
010241
010243
010245
010247
010249
010251
010253
010255
010257
010259
010261
010263
010265
010267
010269
010271
010273
010275
010277
010279
010281
010283
010285
010287
010289
010291
010293
010295
010297
010299
010301
010303
010305
010307
010309
010311
010313
010315
010317
010319
010321
010323
010325
010327
010329
010331
010333
010335
010337
010339
010341
010343
010345
010347
010349
010351
010353
010355
010357
010359
010361
010363
010365
010367
010369
010371
010373
010375
010377
010379
010381
010383
010385
010387
010389
010391
010393
010395
010397
010399
010401
010403
010405
010407
010409
010411
010413
010415
010417
010419
010421
010423
010425
010427
010429
010431
010433
010435
010437
010439
010441
010443
010445
010447
010449
010451
010453
010455
010457
010459
010461
010463
010465
010467
010469
010471
010473
010475
010477
010479
010481
010483
010485
010487
010489
010491
010493
010495
010497
010499
010501
010503
010505
010507
010509
010511
010513
010515
010517
010519
010521
010523
010525
010527
010529
010531
010533
010535
010537
010539
010541
010543
010545
010547
010549
010551
010553
010555
010557
010559
010561
010563
010565
010567
010569
010571
010573
010575
010577
010579
010581
010583
010585
010587
010589
010591
010593
010595
010597
010599
010601
010603
010605
010607
010609
010611
010613
010615
010617
010619
010621
010623
010625
010627
010629
010631
010633
010635
010637
010639
010641
010643
010645
010647
010649
010651
010653
010655
010657
010659
010661
010663
010665
010667
010669
010671
010673
010675
010677
010679
010681
010683
010685
010687
010689
010691
010693
010695
010697
010699
010701
010703
010705
010707
010709
010711
010713
010715
010717
010719
010721
010723
010725
010727
010729
010731
010733
010735
010737
010739
010741
010743
010745
010747
010749
010751
010753
010755
010757
010759
010761
010763
010765
010767
010769
010771
010773
010775
010777
010779
010781
010783
010785
010787
010789
010791
010793
010795
010797
010799
010801
010803
010805
010807
010809
010811
010813
010815
010817
010819
010821
010823
010825
010827
010829
010831
010833
010835
010837
010839
010841
010843
010845
010847
010849
010851
010853
010855
010857
010859
010861
010863
010865
010867
010869
010871
010873
010875
010877
010879
